0 0.662864734375 0.3728436953125 0.6687847234375 0.35901985625 0.6747047609375 0.3405880375 0.6773358953125 0.3274224671875 0.6773358953125 0.31359862656250004 0.6779936671875 0.2977999328125 0.6773358953125 0.2958251015625 0.6720736281249999 0.2938502703125 0.6668114093749999 0.301091325 0.6569446953125 0.308990721875 0.6574835375 0.31652960625 0.6582602375 0.3234728046875 0.6582602375 0.3366383765625 0.65102465625 0.3642860546875 0.6543135609374999 0.38008475 0.6582602375 0.3978583 0.67141585625 0.40114969218749996 0.6786514375 0.3919337828125 0.685229246875 0.3741602328125 0.692464878125 0.348487434375 0.6858870687499999 0.3524370453125 0.676678125 0.3748185515625 0.664838046875 0.38140133593750003 0.662864734375 0.3728436953125
0 0.6352379015625 0.31359862656250004 0.6402137999999999 0.30501644843750003 0.6260289578125 0.312282115625 0.6201089703125 0.3247893671875 0.61813560625 0.3366383765625 0.622740053125 0.347829115625 0.622740053125 0.3656026421875 0.6266867796875 0.37218542656250003 0.63458013125 0.36033639375000004 0.6398424 0.351120509375 0.6306334546875 0.3563867328125 0.6253711875 0.350462215625 0.6240556453125 0.34124633125 0.6286600921875001 0.3333469828125 0.6332645890624999 0.3241310734375 0.6352379015625 0.31359862656250004
0 0.6050587937499999 0.33358737031249996 0.5920402109375 0.3382775921875 0.5857913078125 0.3403621484375 0.58787426875 0.3288971265625 0.598958321875 0.30950520937500003 0.58995725 0.3216011984375 0.5842290625000001 0.3325450921875 0.5800631203125 0.3424466859375 0.5915194765625 0.3466157984375 0.6050587937499999 0.33358737031249996
0 0.890696875 0.940203125 0.8950374999999999 0.9446046875 0.898759375 0.9490078125 0.9040312500000001 0.9471203125000001 0.9093015624999999 0.940203125 0.9130234375 0.9282546875 0.9145734375 0.91441875 0.9145734375 0.9031 0.9145734375 0.89618125 0.910853125 0.8829750000000001 0.9049609375 0.8760578125 0.8972078124999999 0.8697687500000001 0.8956578125 0.87794375 0.8968984375 0.8880062499999999 0.898759375 0.8974390624999999 0.9012390625 0.906871875 0.90155 0.9156765625000001 0.8984484374999999 0.9257390624999999 0.8931765625000001 0.926996875 0.88945625 0.9207078125000001 0.885734375 0.911903125 0.884184375 0.9018421875 0.8817031249999999 0.8924078124999999 0.8786015624999999 0.880459375 0.8758109375 0.87165625 0.8742609375000001 0.8722843749999999 0.8714703125 0.8766859374999999 0.872090625 0.8905218749999999 0.8751906249999999 0.8986968750000001 0.8786015624999999 0.9049859375 0.8838734374999999 0.921965625 0.88945625 0.9339140625000001 0.890696875 0.940203125
0 0.8724000000000001 0.9238515625 0.87395 0.9364296875000001 0.8724000000000001 0.9471203125000001 0.8683687499999999 0.9471203125000001 0.8652671875 0.9446046875 0.8612359375 0.9339140625000001 0.8556546875000001 0.9131609375 0.855034375 0.91945 0.8565843750000001 0.9358015625 0.859996875 0.9496359375000001 0.8652671875 0.9596984375 0.8742609375000001 0.9622140625 0.8795328124999999 0.9571828124999999 0.8810828125000001 0.9502656249999999 0.880153125 0.9389453124999999 0.8782921874999999 0.921965625 0.873640625 0.911903125 0.8686796875 0.903728125 0.8699187500000001 0.9150484375 0.8724000000000001 0.9238515625
0 0.479371875 0.922775 0.488478125 0.923634375 0.49440937500000004 0.91976875 0.5005515625 0.9098890624999999 0.5062703125 0.8952859375 0.50690625 0.8828296874999999 0.5037281250000001 0.88540625 0.5013984375 0.8866953125 0.4977984375 0.8935671875000001 0.4948328125 0.898721875 0.49144375 0.9021578124999999 0.4859375 0.89958125 0.48170156249999996 0.890990625 0.4833953125 0.8828296874999999 0.48805468750000003 0.867365625 0.48763125 0.8630703125 0.4836078125 0.8686546875 0.47915937499999994 0.87466875 0.4757703125 0.8802515625 0.4721703125 0.883259375 0.4675109375 0.8738093750000001 0.46941718750000005 0.8497546874999999 0.463275 0.8665062499999999 0.4586140625 0.88068125 0.4577671875 0.8978624999999999 0.467934375 0.9116078125 0.479371875 0.922775
0 0.8318624234374999 0.966547878125 0.8373302625000001 0.9661570312500001 0.8388924687499999 0.9610759328125 0.840064153125 0.9552131390625 0.838476553125 0.94638671875 0.83693968125 0.952868028125 0.835767996875 0.9587308218749999 0.8338152109375001 0.96185765625 0.8287380109375 0.961466809375 0.8318624234374999 0.966547878125
0 0.564330590625 0.9442692609375 0.5596438828125 0.9520863343749999 0.556519440625 0.9556040156250001 0.5463649234375 0.9591216687499999 0.5408971421875 0.963030196875 0.5467555046875 0.968111296875 0.55925333125 0.9642027671875001 0.56315890625 0.9548222921875 0.5666739296875 0.9466143875 0.568236165625 0.9372339125 0.571386709375 0.9224609375 0.56706448125 0.9329345375000001 0.564330590625 0.9442692609375
0 0.844321990625 1 0.8332782078125 0.9852638171875 0.824685896875 0.978228453125 0.824685896875 0.960249196875 0.821561484375 0.9219456625 0.8192181156249999 0.8914590953125 0.816093584375 0.8961493484374999 0.816093584375 0.9149102984375 0.8184369531250001 0.9508687515625001 0.8184369531250001 0.9751016187499999 0.8199991593749999 0.998552790625 0.8084305203125 1 0.844321990625 1
0 0.827868925 0.5355546140625 0.8291187843750001 0.54305901875 0.832868078125 0.5386814375 0.8334298109375 0.5296875 0.827422409375 0.5296875 0.827868925 0.53117706875 0.827868925 0.5355546140625
